1.526564530720313229e-01
-8.492565937349864924e-02
-1.489826427471919734e-01
-3.533201395957242252e-01
-7.334669665397684779e-02
1.251495685259839397e-01
2.475569723940035938e-01
2.786393427337491291e-01
3.696231560286547535e-01
-8.039262269110904191e-02
5.547837233966229631e-01
5.556605887948613126e-02
3.898915652556658035e-02
1.865642145887565773e-01
7.850469022782384509e-02
3.679415392199401058e-01
-7.699740788183134788e-02
-1.412805430444372956e-01
8.562858284970878420e-02
3.340870190202464007e-01
3.494598515959767004e-01
4.644595488378365777e-01
-1.855822794458266423e-01
1.828690874069667793e-01
1.450269093801008768e-01
2.612356523417512233e-01
2.471041478766493882e-01
1.461366429636914155e-01
-8.442711106129344167e-02
-3.490524841943304368e-01
-3.054733022760897643e-01
7.818044034442110657e-02
2.320477381347166856e-01
-1.559104583853701195e-02
1.751121960062564376e-01
4.921330764541521074e-01
6.173131008071947035e-01
4.379404261185929070e-01
1.234555517353238124e-01
-3.241312765871955937e-01
1.881896109654560278e-01
2.846230381710904700e-01
4.273297208212629150e-01
4.168275931381705268e-01
1.948356559840955238e-01
2.527198878571539908e-01
1.679682470186677767e-01
4.301761772863531008e-01
5.553706424882736137e-01
4.543799708637270562e-01
5.303535684531496264e-01
6.308342470768045773e-01
1.214004903855308015e-01
-3.630618912472463600e-01
-1.567877174563626075e-01
-1.966867389432393476e-01
-9.411315540479528452e-02
-3.928483173951793916e-01
7.500868357452177282e-01
5.746841993756376388e-01
-6.969688518800286076e-04
-1.799855308486368599e-01
9.827377268825460144e-02
-2.775958781805406561e-01
3.720694980172826738e-01
1.644715647985142692e-01
1.237045602025939883e-01
1.557621552237552776e-01
3.933339321464065369e-02
3.828639090775843856e-01
2.244332948221598178e-01
2.100205633797329885e-01
-4.336220927734601993e-01
-2.801953810006418411e-01
5.932673151355598307e-02
-5.105276548103044459e-02
-3.104525196421219907e-02
-2.106677889425184746e-01
-8.191951271358532960e-01
-8.358358594746331804e-02
-2.230619569513503653e-01
1.621613250734135758e-02
1.617764797851880820e-01
-5.359458652087289304e-02
4.508645140665425849e-03
-3.266849173403569423e-02
-1.049558889405703549e-01
-1.735333561787174850e-01
-9.962127077596245883e-02
2.622752846463687892e-01
-2.247742247438535568e-01
1.608303483516875243e-01
6.810393043251597445e-02
3.171835501282552761e-01
-7.151551319745742819e-02
4.506028846492171058e-01
-2.606449802602543997e-01
4.995809196462779565e-03
-3.000756794048781151e-01
-1.423532951584402795e-01
1.965429859061341156e-01
-2.659342006319003193e-01
6.116682269590066612e-02
-7.503627438437611430e-02
2.530395696723508614e-01
3.497453228836545219e-02
-1.432234674530279972e-01
-3.037707322700418655e-01
1.690559448534630915e-01
-2.903627393341422502e-01
-1.027909867857170617e-01
1.449657960883588004e-01
5.576544783958646834e-01
1.914026229436613380e-01
-2.173165573433206293e-02
nan
nan
nan
2.267850238623595957e-02
9.557570423455742648e-02
9.715285800734745070e-02
1.200272963785131847e-01
1.273731840348854560e-01
2.386058262216994574e-01
7.514852272625915930e-02
4.580984307129898903e-01
1.521333505533286612e-01
2.763626901824127735e-01
1.193742746473923644e-01
-4.068097713485104849e-01
1.235792470297829848e-01
2.822723099952451076e-01
2.019398044387838154e-01
9.588024250126454817e-02
6.121626459375767437e-01
1.557776354838892596e-01
5.798986192671777840e-01
3.824007248309306550e-02
6.123444076329614266e-02
5.797111679951407609e-02
2.043608713025505397e-01
4.589926043704121161e-01
2.201484628124557308e-01
4.076790120259966149e-02
5.693345854202153805e-02
2.602054069769749733e-01
6.179783738936310833e-01
-2.712860621751876367e-01
1.731166146318909582e-01
-2.005015839823502399e-01
-1.000759242032994295e-01
1.113122195804537168e-01
2.277134253741900094e-01
-3.402732125067225999e-01
6.013059330758312171e-02
-1.135784019850786947e-01
9.976896078314778649e-02
7.948753614006434653e-02
-1.696014104765576902e-01
-4.631565919104558837e-01
-1.065505431068132086e-01
-2.511171910854211320e-01
1.136017846277336540e-01
-1.011841704353563937e-01
1.457906040517632229e-01
6.023131043710171495e-01
1.836036367312910145e-01
-1.332570883864561857e-02
1.541520513495832911e-01
1.859661552511149285e-01
8.959432166132202946e-02
-1.755485950106034920e-01
3.821132596394802849e-01
5.353826193645193632e-01
-7.080445403096510826e-02
-2.513170882548227195e-02
1.487098551782864431e-01
1.590362670723081961e-01
-8.952781520139548033e-02
1.902514815374414803e-01
1.376510857016287892e-01
1.186043123927275761e-01
7.510096008145360214e-02
3.268443782835904199e-01
1.978323669685130848e-02
1.445625433496438295e-01
-1.418552545387243846e-01
5.842431365269971227e-02
-8.130847793305939764e-02
2.692300644998355530e-01
1.395413059809117728e-01
4.583729008341049238e-01
3.417545918899239643e-02
5.314899370179844429e-02
1.179470762083521529e-01
3.305771974421234383e-01
2.586382721697346176e-01
4.166021979545521114e-01
1.998652399903279864e-01
3.806411000705046677e-01
1.069264947060623583e-01
4.882233587088444238e-01
7.846325310455198876e-02
2.649654633104210275e-02
2.602950436943012869e-01
-1.729125287540885236e-01
2.840654188119625112e-01
1.409571905635853828e-01
-2.261584972937233373e-02
5.361621600494268641e-02
-8.866177429509496111e-02
-1.357263683108886343e-01
-2.003960282513718438e-01
-2.084050776045181241e-01
-4.454708387633882910e-02
4.503575423756632778e-01
-1.981891613172143407e-01
3.312938012236980034e-01
2.024918590070481361e-01
3.128028955808491718e-01
5.977366264159549025e-02
-2.756591445604756330e-01
1.976241620553239042e-01
-6.431402903237298796e-01
2.856730744430758251e-01
