2.862019962719668242e-02
-6.444777132807399250e-03
-7.948831277548364105e-02
-4.820333577413608850e-02
-7.500461138719351217e-02
2.369931023768810652e-01
2.699048912527464150e-01
1.555877611639545077e-01
3.105609122946545453e-01
-1.050409052418652955e-01
6.260306375820241520e-01
-4.469692231874259486e-02
2.582010414269218096e-02
-9.510140344059304918e-02
1.518545695050886324e-01
2.664946577246918857e-01
-6.436125351720478616e-02
2.003424596201222943e-02
-8.070760353946054844e-02
3.423710327687302102e-01
2.171131918716939224e-01
4.777880974929641922e-01
-1.148797193940859773e-01
5.084517029819111134e-01
-5.681508563144429570e-03
1.305057015456485281e-01
1.320760342347668537e-01
1.658264747987881205e-01
-1.971039585708853903e-01
-5.931293361819046650e-01
-3.681928989466460300e-01
9.591753116215552544e-02
2.105630998139790266e-01
-3.253158903211113007e-01
-2.476751020881963819e-02
4.665480512477775399e-01
6.163139456768510493e-01
1.146377783684533608e-01
-3.162846248465074617e-02
-3.735896147112575671e-01
1.455664735457570802e-01
6.423234908484152239e-01
2.149854696732757808e-01
4.707048676606152005e-01
4.703969418146373704e-01
3.440799631123053759e-01
6.925476086845243524e-03
2.207725291001061407e-01
6.129820929436315957e-01
3.995598062475791967e-01
6.243307297662822331e-01
7.621443356543012859e-01
2.590428105710809725e-01
-3.313103741510967648e-01
3.619498420610443856e-02
7.860775601856279104e-02
3.538808887123717772e-01
-7.817515243754474819e-02
1.064467606063347560e+00
4.469807925480028810e-01
8.045185029388833217e-03
-2.154110218585667813e-01
2.251823090206229450e-01
-1.579988566587038346e-01
5.138454137931192101e-01
3.721060702936038189e-01
1.979424974832957873e-01
1.702235122397823264e-01
-2.902274997244617127e-01
6.014624064410943882e-01
-2.772187814475856465e-02
2.045334170750104930e-01
2.341875727262756821e-02
1.183680397086889630e-01
9.774643245360604971e-02
2.978123275590785490e-02
-2.735441486426329338e-01
-2.845125233867102366e-01
-6.701758353559084114e-01
4.429558980239945570e-02
-2.306272713379148298e-01
-3.478726721000831579e-01
-3.593713217111216707e-03
1.662628404450787190e-01
-9.397904150003141832e-02
2.595106243367512749e-02
-2.115558077371499854e-02
-1.374303182137128487e-01
-2.214640159522256735e-01
1.417829614862388399e-01
-5.986134337757097468e-01
-1.785195148647788776e-01
2.646681461426317328e-01
1.173345099012959997e-01
-1.694163374166434699e-01
4.014739076208485163e-02
-1.649911639806796726e-01
-1.344277184400400060e-01
-1.332254777338128249e-01
-1.345666371410237372e-01
-4.146183707944324504e-02
-1.022710014714444948e-01
-5.596143851772162475e-02
-9.695393050501380228e-02
8.919431176017755813e-02
1.265853358472590062e-01
-1.209965794706014119e-01
-3.124809368826129141e-01
-3.975328204701640278e-01
-4.049738923157026509e-04
4.801408860190558014e-01
3.438018076544780421e-01
1.154673719646204522e-01
-2.913224319566624643e-01
-3.692957318374298636e-01
nan
nan
nan
2.036338543993483283e-02
-2.391448808112728586e-01
1.376912185675743805e-01
1.007931156280507667e-01
1.131829608226340850e-01
2.863437475648073979e-02
6.572094181322161999e-02
3.699150298580035634e-01
2.351504707265029137e-01
1.793962978406974385e-01
1.485384350085166005e-01
4.904014005352561045e-02
3.153751883714246418e-01
2.482080934251287840e-01
1.544590341355820372e-02
1.029769164538528459e-02
5.067974558227137383e-01
3.158863699171053918e-01
9.293612604537444533e-01
-1.188341485508147971e-01
1.245623697789742801e-01
7.069569883985424297e-02
2.895885785563205861e-01
2.983998989217988562e-01
2.603580798036946309e-01
1.010216196077945716e-01
1.241421279795945631e-01
1.666625099957786404e-01
4.346829395708641242e-01
-1.572940025371873107e-01
3.736712319719688313e-01
-1.750648159806496851e-01
7.398799665383958002e-02
9.819158612906705996e-02
1.861220744283922368e-01
-2.851277600109630717e-01
1.407006245247892917e-01
1.459829081676475571e-01
2.394230523843733638e-01
1.780360558925460912e-01
-6.223733949008345388e-03
-2.136472884660781946e-01
8.264958011306103303e-02
-6.950860339435020741e-02
4.285385020780396181e-01
-2.172382175993309850e-01
1.919210138362812679e-01
9.410428663048685527e-01
-5.151398195720612722e-02
1.726091155389287979e-02
-2.176536451101348038e-02
1.591658773119357106e-01
9.534099085595067191e-02
-2.923193777211028355e-01
1.770465250977230898e-01
7.448348970869688168e-01
-8.482116463974830045e-02
-2.717263330597351478e-01
1.963303846992211776e-01
1.610920519893955204e-03
1.191176350965771902e-01
3.551016515765417769e-01
1.690779289036362376e-01
-8.305398474285182603e-03
-3.831449925051556155e-02
4.759812971039418805e-01
-1.363000776135284316e-02
2.761641323968923659e-02
-3.190847735415829924e-03
2.211545334829144727e-01
-1.594981222849094493e-01
1.874185038453808627e-01
-1.533726809461121929e-02
1.276317708655010652e-01
1.907500901095160184e-01
1.315682697160019676e-01
-1.521840140136077879e-01
1.014911293283689148e-01
1.650757539414074992e-01
3.342437270081277112e-01
1.478167671436452502e-01
7.205664434167925736e-02
-2.610871929788653387e-02
1.235910521642854393e-01
3.145194749166512760e-01
-1.148646534315477113e-01
1.540829282639158138e-01
-3.114149568413121516e-01
2.343003614076621943e-01
1.071591236259034491e-01
-2.858332195670281253e-02
-1.020445333403715571e-01
-4.938100461276547642e-02
-9.058682659944979065e-03
1.475995958165906285e-01
-2.273514995048924181e-01
-1.777970626993221892e-01
2.137150900878682369e-01
-1.170938972369588715e-01
2.837392353348733853e-01
6.157261825229333463e-02
2.043561557493385472e-01
1.176834336625613847e-01
3.338877857763601631e-02
1.395730687136756965e-01
-1.013535732463556882e-01
9.084977177239146329e-01
