-1.981011807799805124e-01
-2.749914876942618491e-01
-1.032307761494786202e-01
-1.890728874659391989e-01
-1.797166787713525560e-01
8.135253444415715962e-02
1.923183814193015762e-01
2.868232652323790544e-02
3.339507171083643811e-01
2.799415736245193173e-02
6.663873847870699363e-01
-4.060019705131979323e-02
-9.502583844696137205e-02
1.896083082923663010e-01
-9.782322156095557553e-02
3.921984698343745634e-01
-4.191938519636293631e-02
-1.444699838520483171e-01
-2.127949190297475923e-01
4.235820069056597248e-01
1.940699638342859856e-01
6.501881484924982857e-01
-1.020937096431496216e-01
3.297498865586809824e-01
4.587819077901172937e-02
7.712581307801043284e-02
2.015191131945996694e-01
2.908841427573760074e-01
-2.062259735162075280e-01
-3.517243059974757280e-01
-3.643588536040986980e-01
2.177985315146292178e-01
4.442094170643609563e-01
-1.370024621873894288e-01
1.957342754516331607e-01
5.434130203840566997e-01
4.936719531633598224e-01
4.864379592294995613e-01
2.328799297192370166e-01
-4.119189075172219883e-01
1.464879960994032171e-01
4.550370866509874657e-01
3.724753725166785601e-01
5.029965504621752848e-01
1.169111074672663370e-01
2.944876916088536301e-01
-4.445208400189957360e-02
1.357508314870573829e-01
6.349691413252335215e-01
4.662321194958356924e-02
7.495901440198928789e-01
4.894826372209913345e-01
3.573623576082368136e-01
-4.796002926803861754e-01
-3.823901387031510279e-01
-1.775755930863976151e-01
1.278768284774264019e-01
-1.846561569141731696e-01
9.035823765995744106e-01
5.710854007603661797e-01
1.216327045710477450e-02
-1.768336438663775656e-01
5.161693914054901050e-02
-4.919994320525702958e-01
3.875248365469881606e-01
1.611261369547128675e-01
1.424522424992112068e-01
1.511536109020930607e-01
9.854599338202300884e-02
1.858680220230172209e-01
3.678215316230747794e-02
9.167293202487103443e-02
-4.454612773078869270e-01
-2.691813325312262806e-01
1.049531262693646355e-01
1.507011529760622116e-02
9.304143356748496851e-02
-1.881838230592997041e-01
-7.475159293930052629e-01
-8.669871956223079712e-02
-3.972063448917841771e-02
-2.906518356057834485e-01
4.139257345484604333e-01
3.967761800260329874e-01
-6.983561060996103242e-02
-1.096769414624854805e-01
-8.358970470641056971e-02
-6.102273594061693313e-02
-1.155732958095320173e-01
-5.260601542329685493e-02
-4.148810333871659761e-01
-2.434293559501794213e-01
2.096366295364944232e-01
1.309686553463398628e-01
-2.067003630929033827e-03
1.818633203727198222e-01
-1.754253451960813559e-01
-4.494469514942162069e-02
-1.224435297915275368e-02
-3.755962384767898565e-01
2.070134029632683392e-01
-2.387129591552553665e-01
1.898754799290517103e-01
-7.532425358435845819e-02
1.937902850183750580e-01
-1.516040356602817163e-01
-1.297292223902584973e-01
-3.082454633279682055e-01
1.737468392712678555e-01
-6.058931552560624656e-01
-2.116868125877164886e-01
2.034228082167342244e-01
5.050302034465617984e-01
-7.978491923518547801e-02
2.783684116218222426e-01
nan
nan
-4.011767127850209280e-01
3.522172079572716274e-01
3.708946024398179775e-02
3.372547059031655303e-02
5.157629945924478015e-02
9.185166998482656442e-02
1.889067396780034214e-01
4.286760349546557269e-01
3.612278413286170164e-01
1.924846821474847092e-01
6.674575888350117725e-02
5.652904390837239917e-02
-3.628173761295691579e-02
3.126280876257923613e-01
1.612160936464086813e-01
-1.393198177018054873e-01
3.512915747699802554e-02
3.608595151099748821e-01
4.007846675546593990e-02
4.178943843631888200e-01
-2.968655335733176304e-01
-1.748516508656569324e-01
-1.277935535182403957e-02
1.506404402314098223e-01
4.032527769886693481e-01
-7.348842278266387758e-03
-1.529326091300312607e-01
8.460881078513922404e-02
1.699835906328950319e-01
3.155919004265317906e-01
-4.227596501601473267e-01
2.774114600337063696e-01
-1.979943903837912134e-01
-1.408299714748587339e-01
-1.396074120955869855e-03
1.280616469559574255e-01
-3.125460484282023832e-01
-1.475842229616121104e-01
5.332318900264006872e-02
-5.294617762519560067e-02
3.998100378145560962e-02
-1.554160914784635528e-01
-3.596956878166516769e-01
3.061682347616416847e-02
-8.695154619179706890e-02
2.979610892069876615e-01
1.856789044555405832e-01
3.981787929045592644e-01
5.000263967540700127e-01
2.306264870423152535e-01
-1.337086534604579879e-01
3.994686177238123137e-01
4.606272553424451410e-01
1.655704682237270076e-01
-7.552604862491500703e-02
2.229109448710458186e-01
3.598514125839991085e-01
-1.084227199664597324e-01
-5.122903524826403349e-02
1.527434635328035750e-01
1.667252750841444475e-01
-1.676519357597426596e-01
1.047918649131262953e-01
3.161574866367315439e-01
6.905803897544778025e-02
-1.134834906255685755e-01
2.554294280866499789e-01
-2.064092731859536178e-01
7.544052882059122667e-02
4.737564671530029581e-01
-6.639732530570692515e-02
-2.570612513502970597e-01
2.759287697751147336e-02
2.207207357210667631e-01
3.315130963645127604e-01
6.117289453445413222e-02
2.937608440322486136e-01
1.563365427512139472e-01
1.917666314437973529e-01
2.969087623778684515e-01
5.290737195380437186e-01
1.449442595911857312e-01
1.288827831466634599e-01
-8.632937727838092823e-02
1.608866337752945519e-01
-3.229104460817860955e-02
1.875098499497695331e-02
6.167946149015215984e-02
-3.531610061939693956e-01
2.609653374899188472e-01
-9.727416030699159374e-03
7.915285898146816324e-02
-3.396048901178929519e-02
5.281474913716974195e-02
-1.474025839592806864e-01
7.989431111191290513e-02
-2.238221110401583946e-01
-1.128441128849947545e-01
3.764676927784722515e-01
-3.064121659745768222e-01
6.864687775325700736e-01
1.641868320829995842e-01
3.086581945650324621e-01
3.623603595368500296e-01
-1.011336101660962744e-01
3.084766467187892713e-01
-3.118117616611199572e-01
5.583757564094068426e-01
