46.000
36.000
58.000
50.000
53.000
123.000
43.000
30.000
34.000
16.000
20.000
29.000
50.000
62.000
112.000
13.000
38.000
21.000
105.000
7.000
129.000
38.000
45.000
18.000
91.000
93.000
12.000
79.000
35.000
48.000
31.000
35.000
26.000
63.000
13.000
9.000
31.000
14.000
98.000
116.000
11.000
28.000
27.000
54.000
37.000
82.000
9.000
16.000
12.000
88.000
74.000
42.000
126.000
15.000
39.000
14.000
15.000
87.000
36.000
71.000
57.000
40.000
18.000
38.000
126.000
32.000
16.000
22.000
66.000
56.000
16.000
44.000
34.000
40.000
83.000
57.000
23.000
60.000
33.000
105.000
22.000
25.000
94.000
16.000
16.000
44.000
53.000
16.000
19.000
80.000
50.000
21.000
108.000
65.000
89.000
81.000
20.000
107.000
23.000
38.000
93.000
31.000
12.000
18.000
35.000
82.000
25.000
14.000
104.000
30.000
46.000
15.000
26.000
64.000
52.000
29.000
25.000
27.000
10.000
73.000
54.000
67.000
24.000
17.000
33.000
11.000
169.000
92.000
17.000
29.000
16.000
40.000
23.000
20.000
48.000
20.000
37.000
19.000
43.000
107.000
11.000
60.000
34.000
50.000
33.000
23.000
39.000
58.000
74.000
25.000
33.000
55.000
55.000
16.000
38.000
36.000
12.000
29.000
31.000
29.000
7.000
25.000
16.000
15.000
70.000
35.000
26.000
26.000
62.000
71.000
31.000
13.000
19.000
40.000
82.000
34.000
63.000
24.000
12.000
12.000
63.000
36.000
35.000
75.000
33.000
24.000
16.000
56.000
13.000
14.000
21.000
38.000
19.000
34.000
11.000
20.000
27.000
111.000
11.000
21.000
174.000
44.000
22.000
25.000
88.000
35.000
46.000
31.000
17.000
21.000
38.000
48.000
26.000
19.000
99.000
57.000
42.000
81.000
16.000
62.000
27.000
51.000
24.000
7.000
32.000
47.000
37.000
21.000
39.000
47.000
30.000
45.000
19.000
55.000
24.000
68.000
127.000
91.000
31.000
7.000
9.000
19.000
41.000
16.000
111.000
79.000
13.000
46.000
15.000
142.000
80.000
51.000
15.000
50.000
17.000
76.000
75.000
82.000
14.000
14.000
52.000
18.000
14.000
52.000
18.000
12.000
39.000
8.000
9.000
47.000
134.000
9.000
21.000
18.000
38.000
72.000
25.000
12.000
14.000
105.000
23.000
35.000
11.000
134.000
60.000
47.000
6.000
35.000
11.000
130.000
91.000
37.000
88.000
93.000
23.000
100.000
16.000
9.000
8.000
12.000
8.000
13.000
25.000
20.000
74.000
28.000
19.000
26.000
20.000
64.000
49.000
24.000
52.000
44.000
15.000
21.000
19.000
112.000
11.000
48.000
44.000
32.000
11.000
57.000
38.000
4.000
56.000
73.000
12.000
112.000
23.000
19.000
26.000
60.000
33.000
114.000
40.000
11.000
10.000
39.000
31.000
68.000
32.000
35.000
78.000
16.000
59.000
34.000
36.000
27.000
83.000
105.000
15.000
14.000
87.000
20.000
47.000
114.000
64.000
20.000
135.000
28.000
58.000
60.000
204.000
76.000
33.000
55.000
42.000
8.000
54.000
17.000
29.000
78.000
62.000
53.000
84.000
53.000
25.000
47.000
16.000
16.000
75.000
113.000
48.000
29.000
125.000
16.000
83.000
81.000
30.000
30.000
16.000
48.000
13.000
6.000
29.000
63.000
23.000
91.000
43.000
27.000
12.000
77.000
66.000
66.000
43.000
43.000
26.000
10.000
23.000
100.000
35.000
96.000
49.000
73.000
21.000
120.000
93.000
35.000
49.000
20.000
75.000
29.000
63.000
60.000
50.000
50.000
39.000
17.000
12.000
37.000
16.000
65.000
50.000
28.000
19.000
25.000
112.000
54.000
17.000
44.000
86.000
33.000
32.000
14.000
27.000
51.000
10.000
47.000
19.000
40.000
49.000
18.000
41.000
23.000
67.000
85.000
57.000
39.000
119.000
44.000
35.000
21.000
18.000
15.000
40.000
26.000
64.000
44.000
50.000
15.000
51.000
6.000
13.000
29.000
78.000
53.000
32.000
43.000
23.000
24.000
32.000
28.000
5.000
12.000
26.000
128.000
52.000
10.000
18.000
69.000
30.000
15.000
51.000
78.000
76.000
44.000
53.000
68.000
22.000
35.000
36.000
14.000
14.000
39.000
27.000
32.000
94.000
25.000
9.000
10.000
35.000
49.000
15.000
33.000
16.000
21.000
74.000
54.000
23.000
67.000
30.000
59.000
9.000
10.000
55.000
81.000
66.000
19.000
37.000
15.000
50.000
26.000
112.000
21.000
47.000
23.000
11.000
19.000
26.000
16.000
17.000
16.000
18.000
23.000
27.000
72.000
19.000
96.000
46.000
47.000
31.000
15.000
27.000
18.000
9.000
43.000
18.000
20.000
46.000
25.000
59.000
124.000
28.000
62.000
110.000
38.000
9.000
51.000
54.000
48.000
49.000
45.000
39.000
18.000
29.000
35.000
44.000
24.000
53.000
26.000
97.000
49.000
14.000
94.000
32.000
21.000
96.000
33.000
39.000
124.000
70.000
10.000
43.000
105.000
11.000
21.000
31.000
32.000
108.000
71.000
37.000
25.000
92.000
20.000
16.000
35.000
47.000
23.000
40.000
52.000
32.000
62.000
47.000
10.000
34.000
24.000
19.000
41.000
41.000
86.000
25.000
67.000
28.000
26.000
36.000
22.000
32.000
117.000
45.000
36.000
29.000
55.000
36.000
82.000
44.000
50.000
52.000
43.000
58.000
10.000
62.000
52.000
37.000
57.000
19.000
49.000
74.000
20.000
38.000
36.000
22.000
45.000
75.000
32.000
43.000
26.000
31.000
73.000
22.000
8.000
104.000
118.000
17.000
43.000
44.000
37.000
90.000
89.000
45.000
59.000
20.000
26.000
25.000
46.000
17.000
12.000
28.000
65.000
87.000
12.000
171.000
15.000
82.000
16.000
39.000
18.000
18.000
17.000
143.000
22.000
86.000
52.000
23.000
26.000
52.000
38.000
72.000
46.000
30.000
28.000
18.000
10.000
16.000
45.000
42.000
84.000
17.000
28.000
39.000
107.000
50.000
22.000
17.000
40.000
77.000
13.000
14.000
69.000
27.000
40.000
15.000
66.000
10.000
48.000
18.000
48.000
81.000
67.000
23.000
22.000
9.000
57.000
16.000
39.000
39.000
23.000
40.000
42.000
72.000
62.000
20.000
38.000
12.000
22.000
52.000
98.000
77.000
128.000
11.000
71.000
17.000
45.000
27.000
48.000
53.000
10.000
19.000
28.000
58.000
19.000
9.000
45.000
9.000
21.000
7.000
7.000
82.000
23.000
44.000
30.000
58.000
52.000
23.000
17.000
63.000
45.000
19.000
37.000
68.000
69.000
48.000
40.000
123.000
91.000
101.000
14.000
104.000
30.000
17.000
12.000
13.000
26.000
25.000
25.000
12.000
16.000
69.000
32.000
58.000
31.000
70.000
9.000
20.000
18.000
19.000
40.000
29.000
17.000
6.000
16.000
19.000
11.000
98.000
12.000
41.000
114.000
60.000
56.000
39.000
12.000
67.000
22.000
14.000
15.000
144.000
27.000
76.000
118.000
33.000
21.000
54.000
79.000
24.000
5.000
42.000
63.000
18.000
43.000
49.000
47.000
27.000
49.000
33.000
32.000
180.000
110.000
49.000
25.000
18.000
26.000
87.000
71.000
9.000
16.000
81.000
64.000
59.000
15.000
70.000
15.000
8.000
26.000
69.000
36.000
162.000
16.000
123.000
42.000
22.000
55.000
22.000
14.000
17.000
68.000
20.000
9.000
12.000
22.000
21.000
17.000
28.000
80.000
15.000
69.000
21.000
102.000
19.000
50.000
38.000
51.000
32.000
26.000
13.000
14.000
20.000
49.000
43.000
39.000
13.000
61.000
48.000
30.000
26.000
12.000
38.000
43.000
35.000
35.000
20.000
13.000
71.000
46.000
34.000
36.000
36.000
84.000
26.000
101.000
39.000
139.000
28.000
22.000
75.000
15.000
11.000
41.000
12.000
25.000
50.000
27.000
22.000
33.000
61.000
7.000
80.000
40.000
23.000
16.000
15.000
85.000
101.000
17.000
15.000
93.000
95.000
41.000
40.000
38.000
14.000
92.000
11.000
36.000
19.000
32.000
63.000
44.000
27.000
11.000
86.000
11.000
112.000
127.000
50.000
12.000
125.000
21.000
83.000
19.000
27.000
49.000
91.000
43.000
28.000
31.000
58.000
82.000
36.000
25.000
61.000
96.000
31.000
19.000
51.000
7.000
43.000
11.000
35.000
22.000
41.000
34.000
26.000
54.000
30.000
68.000
18.000
11.000
86.000
27.000
