459.000
376.000
390.000
495.000
408.000
441.000
525.000
545.000
476.000
409.000
319.000
448.000
458.000
395.000
381.000
612.000
497.000
417.000
456.000
423.000
420.000
484.000
428.000
373.000
440.000
443.000
427.000
426.000
452.000
429.000
491.000
406.000
436.000
535.000
444.000
431.000
408.000
427.000
370.000
448.000
382.000
494.000
376.000
435.000
456.000
515.000
441.000
639.000
532.000
440.000
466.000
451.000
393.000
488.000
456.000
502.000
418.000
409.000
411.000
397.000
488.000
487.000
464.000
419.000
443.000
446.000
465.000
392.000
400.000
478.000
460.000
444.000
404.000
456.000
425.000
407.000
400.000
459.000
447.000
386.000
460.000
476.000
420.000
428.000
454.000
457.000
403.000
434.000
449.000
442.000
425.000
429.000
478.000
396.000
430.000
450.000
426.000
530.000
347.000
515.000
434.000
429.000
473.000
390.000
514.000
423.000
563.000
410.000
495.000
418.000
478.000
508.000
483.000
469.000
401.000
490.000
422.000
425.000
472.000
428.000
471.000
428.000
426.000
376.000
492.000
370.000
454.000
403.000
413.000
445.000
405.000
441.000
469.000
365.000
401.000
446.000
555.000
488.000
596.000
488.000
439.000
402.000
375.000
392.000
454.000
390.000
380.000
490.000
388.000
440.000
564.000
479.000
475.000
483.000
478.000
456.000
445.000
469.000
452.000
401.000
538.000
413.000
412.000
437.000
374.000
401.000
362.000
469.000
457.000
403.000
494.000
437.000
524.000
504.000
460.000
476.000
463.000
392.000
453.000
393.000
500.000
454.000
452.000
460.000
500.000
426.000
468.000
405.000
425.000
548.000
414.000
508.000
514.000
612.000
418.000
612.000
500.000
499.000
354.000
493.000
444.000
425.000
375.000
477.000
488.000
436.000
612.000
402.000
512.000
376.000
464.000
457.000
450.000
437.000
509.000
510.000
440.000
473.000
432.000
411.000
502.000
507.000
411.000
446.000
398.000
357.000
451.000
476.000
453.000
465.000
472.000
489.000
447.000
458.000
415.000
413.000
525.000
457.000
405.000
418.000
476.000
459.000
517.000
443.000
462.000
475.000
440.000
371.000
373.000
455.000
364.000
525.000
444.000
489.000
442.000
427.000
572.000
422.000
358.000
488.000
377.000
375.000
451.000
452.000
404.000
452.000
508.000
419.000
383.000
416.000
492.000
394.000
606.000
474.000
463.000
469.000
384.000
484.000
447.000
429.000
399.000
391.000
442.000
390.000
365.000
515.000
368.000
406.000
451.000
566.000
428.000
434.000
502.000
387.000
360.000
450.000
485.000
515.000
421.000
403.000
546.000
398.000
476.000
422.000
442.000
375.000
514.000
448.000
442.000
458.000
437.000
436.000
461.000
421.000
444.000
446.000
480.000
440.000
523.000
397.000
472.000
350.000
431.000
353.000
450.000
456.000
416.000
480.000
456.000
477.000
412.000
490.000
447.000
463.000
448.000
486.000
449.000
427.000
527.000
447.000
361.000
442.000
418.000
426.000
391.000
461.000
451.000
507.000
509.000
513.000
439.000
401.000
400.000
372.000
426.000
410.000
404.000
483.000
396.000
436.000
367.000
403.000
440.000
469.000
512.000
578.000
425.000
414.000
420.000
442.000
419.000
450.000
461.000
390.000
498.000
370.000
474.000
486.000
535.000
358.000
449.000
475.000
400.000
470.000
461.000
473.000
381.000
440.000
476.000
481.000
402.000
425.000
396.000
442.000
414.000
491.000
477.000
529.000
415.000
520.000
493.000
347.000
395.000
422.000
458.000
432.000
413.000
391.000
427.000
414.000
477.000
405.000
485.000
519.000
440.000
375.000
395.000
462.000
457.000
383.000
415.000
468.000
577.000
551.000
523.000
455.000
438.000
422.000
509.000
429.000
493.000
516.000
459.000
443.000
456.000
520.000
372.000
437.000
389.000
419.000
477.000
429.000
389.000
428.000
409.000
457.000
426.000
360.000
438.000
409.000
435.000
412.000
487.000
439.000
360.000
394.000
463.000
477.000
468.000
415.000
363.000
403.000
390.000
385.000
410.000
428.000
382.000
421.000
464.000
437.000
448.000
442.000
423.000
430.000
504.000
407.000
451.000
541.000
438.000
374.000
545.000
519.000
412.000
377.000
664.000
412.000
409.000
397.000
441.000
447.000
403.000
447.000
423.000
420.000
487.000
538.000
530.000
532.000
481.000
446.000
400.000
488.000
458.000
482.000
427.000
455.000
393.000
371.000
414.000
460.000
420.000
440.000
429.000
414.000
401.000
413.000
485.000
377.000
495.000
429.000
426.000
439.000
435.000
473.000
497.000
434.000
404.000
397.000
391.000
523.000
531.000
399.000
407.000
521.000
385.000
352.000
404.000
531.000
463.000
400.000
438.000
398.000
461.000
433.000
479.000
528.000
412.000
456.000
407.000
431.000
381.000
477.000
444.000
488.000
381.000
471.000
580.000
420.000
480.000
436.000
422.000
399.000
388.000
385.000
411.000
410.000
377.000
409.000
396.000
465.000
421.000
452.000
363.000
463.000
484.000
459.000
469.000
391.000
419.000
393.000
376.000
452.000
429.000
459.000
486.000
395.000
436.000
481.000
391.000
421.000
377.000
518.000
516.000
515.000
446.000
453.000
482.000
416.000
500.000
435.000
442.000
477.000
495.000
470.000
404.000
403.000
385.000
377.000
439.000
411.000
435.000
453.000
571.000
438.000
397.000
426.000
528.000
381.000
355.000
433.000
387.000
450.000
394.000
447.000
468.000
407.000
434.000
403.000
408.000
469.000
439.000
390.000
407.000
522.000
374.000
465.000
345.000
427.000
497.000
435.000
395.000
436.000
467.000
443.000
416.000
435.000
393.000
470.000
453.000
486.000
416.000
448.000
388.000
401.000
440.000
445.000
451.000
456.000
382.000
465.000
502.000
459.000
372.000
482.000
363.000
579.000
402.000
565.000
373.000
511.000
411.000
432.000
405.000
417.000
610.000
449.000
459.000
511.000
449.000
439.000
429.000
363.000
491.000
429.000
484.000
418.000
524.000
423.000
426.000
392.000
446.000
428.000
358.000
480.000
450.000
482.000
417.000
577.000
483.000
436.000
464.000
513.000
591.000
478.000
513.000
385.000
457.000
394.000
486.000
389.000
421.000
411.000
445.000
467.000
389.000
363.000
434.000
650.000
411.000
406.000
469.000
475.000
437.000
420.000
446.000
415.000
510.000
478.000
397.000
420.000
429.000
421.000
445.000
449.000
430.000
408.000
414.000
430.000
474.000
418.000
585.000
459.000
406.000
346.000
448.000
464.000
454.000
410.000
392.000
415.000
438.000
422.000
415.000
474.000
452.000
412.000
373.000
527.000
396.000
429.000
467.000
402.000
431.000
408.000
477.000
429.000
459.000
395.000
425.000
429.000
480.000
429.000
441.000
453.000
456.000
404.000
415.000
429.000
432.000
443.000
442.000
442.000
486.000
504.000
451.000
540.000
375.000
473.000
463.000
592.000
448.000
416.000
433.000
411.000
458.000
404.000
432.000
477.000
426.000
401.000
413.000
394.000
466.000
520.000
391.000
388.000
413.000
405.000
498.000
453.000
508.000
476.000
465.000
419.000
390.000
383.000
439.000
515.000
546.000
462.000
469.000
436.000
376.000
367.000
401.000
492.000
397.000
421.000
471.000
410.000
455.000
496.000
466.000
380.000
398.000
449.000
448.000
440.000
421.000
534.000
424.000
488.000
429.000
393.000
429.000
435.000
379.000
606.000
439.000
466.000
338.000
437.000
431.000
437.000
382.000
439.000
553.000
570.000
454.000
453.000
392.000
373.000
472.000
378.000
492.000
400.000
402.000
391.000
453.000
331.000
606.000
473.000
440.000
453.000
471.000
516.000
483.000
464.000
479.000
455.000
395.000
447.000
381.000
367.000
423.000
379.000
378.000
431.000
432.000
415.000
483.000
369.000
450.000
405.000
407.000
465.000
464.000
388.000
374.000
416.000
413.000
470.000
416.000
484.000
487.000
477.000
381.000
432.000
483.000
394.000
449.000
436.000
383.000
390.000
441.000
436.000
406.000
499.000
529.000
454.000
375.000
426.000
525.000
401.000
509.000
652.000
394.000
449.000
418.000
466.000
510.000
400.000
407.000
453.000
328.000
539.000
450.000
460.000
456.000
401.000
466.000
454.000
391.000
377.000
428.000
510.000
486.000
413.000
489.000
340.000
436.000
441.000
455.000
398.000
445.000
399.000
530.000
389.000
493.000
392.000
525.000
381.000
410.000
372.000
413.000
530.000
429.000
509.000
624.000
467.000
466.000
363.000
439.000
424.000
438.000
431.000
396.000
446.000
538.000
427.000
449.000
405.000
394.000
379.000
389.000
397.000
491.000
443.000
436.000
416.000
459.000
418.000
462.000
408.000
431.000
433.000
384.000
431.000
402.000
529.000
