4.822
3.456
3.665
2.464
3.673
7.352
5.883
2.691
2.563
4.426
6.551
10.870
2.280
3.673
3.325
3.297
8.132
4.995
4.426
5.540
5.196
3.325
4.081
4.726
2.923
6.147
5.437
3.297
6.926
5.411
3.498
4.040
6.174
2.960
3.242
5.452
6.184
4.822
6.996
2.963
7.352
4.081
8.513
3.004
6.750
2.117
5.540
6.996
2.252
7.206
4.074
8.513
7.746
6.908
6.551
5.196
7.063
8.093
2.586
8.132
7.696
6.578
6.157
6.559
3.886
4.328
6.539
3.108
10.461
4.017
6.180
7.218
5.790
3.155
4.657
4.726
7.696
5.272
7.318
7.063
6.559
5.790
5.216
3.642
6.578
5.272
10.870
8.093
3.886
3.155
5.216
4.290
4.995
6.157
6.147
4.328
4.290
5.912
6.926
4.017
5.037
4.657
4.388
4.867
4.001
4.238
2.923
2.252
7.318
5.969
6.539
6.180
3.168
3.168
4.089
2.143
3.911
3.456
2.280
3.108
7.206
4.917
2.756
4.294
3.004
7.746
6.459
4.399
5.907
4.388
5.035
3.421
4.867
5.035
4.002
3.459
6.178
5.877
3.355
4.917
6.459
3.459
4.001
4.089
2.434
8.639
4.510
11.157
4.713
3.864
2.605
5.801
5.437
5.912
8.639
4.663
5.411
3.242
5.037
3.864
4.510
4.663
5.167
6.468
4.954
2.509
2.845
2.395
8.359
3.305
3.246
3.235
5.167
5.356
7.544
4.396
8.323
2.852
2.220
4.418
4.033
3.108
2.607
4.583
10.461
3.498
7.218
5.356
6.702
9.230
4.396
10.695
7.440
6.134
2.568
4.040
7.544
6.702
5.352
2.939
5.452
8.323
10.695
8.522
3.962
2.915
6.307
7.044
6.573
5.058
2.282
3.676
6.265
5.417
5.626
7.044
3.210
5.940
6.265
6.372
5.202
4.998
2.400
6.573
4.408
3.969
5.417
6.372
3.210
3.837
5.202
3.548
5.058
5.940
4.408
3.837
2.553
4.998
2.754
3.101
3.841
2.129
5.533
5.087
7.931
4.093
6.797
3.101
5.533
3.994
2.400
3.548
2.754
3.841
5.087
7.734
3.161
2.976
7.269
6.174
6.344
4.834
4.766
7.269
7.154
8.009
6.622
9.132
6.344
5.410
3.929
7.318
4.609
3.579
6.491
6.174
7.154
6.552
4.834
5.410
5.224
3.969
2.553
3.994
3.941
2.129
7.734
4.302
3.830
8.834
3.401
4.458
4.004
4.764
6.510
8.007
3.494
7.223
4.764
4.010
5.286
4.458
7.717
7.364
4.093
5.962
4.460
3.618
8.133
6.377
6.510
6.083
4.004
4.010
5.962
6.842
8.007
5.399
7.162
4.136
3.299
8.109
2.605
7.223
5.286
5.168
8.178
3.599
7.086
2.282
3.830
5.399
7.284
5.507
5.168
7.198
6.432
7.931
3.941
8.834
6.083
7.284
4.534
6.797
3.161
4.302
3.401
4.460
6.842
7.198
4.418
3.676
7.162
5.507
7.528
6.769
1.828
2.607
5.626
8.178
6.432
7.458
3.815
3.857
5.757
6.183
4.092
7.440
8.388
9.197
8.988
11.446
10.436
11.177
5.757
8.388
6.407
7.326
5.862
6.183
8.988
6.311
7.546
4.608
11.157
6.468
4.136
9.833
5.801
8.359
3.599
11.062
2.141
4.033
3.299
7.528
3.693
4.305
4.583
7.458
3.558
4.713
3.494
8.109
9.833
3.305
7.086
11.062
4.954
9.230
3.292
3.278
3.246
6.134
4.480
3.970
6.769
3.693
3.815
2.143
2.976
3.108
1.828
4.305
3.558
6.407
2.706
2.568
6.311
2.825
3.391
3.665
6.174
2.963
4.074
5.352
2.706
5.883
6.184
6.750
6.908
4.399
2.825
9.197
7.326
5.010
11.446
7.546
3.391
3.165
3.878
2.939
4.092
5.862
3.878
8.522
4.608
2.756
8.034
4.144
3.929
5.071
5.857
8.034
5.240
12.883
13.281
10.467
5.071
7.740
17.127
15.495
6.886
5.240
4.876
6.105
6.205
7.740
3.501
3.154
8.009
12.883
11.129
7.318
5.857
17.127
10.690
4.883
2.750
5.010
13.281
4.876
11.129
7.228
10.436
3.165
15.495
3.501
10.690
6.622
8.118
8.503
11.164
5.265
4.818
4.609
3.618
7.769
9.691
7.823
6.811
6.552
7.717
4.534
8.118
3.579
5.224
8.133
7.769
8.503
9.004
3.154
9.691
8.394
9.132
4.144
6.105
11.164
9.004
6.491
4.883
7.823
8.394
10.467
6.205
7.228
5.265
4.834
11.177
6.886
6.811
5.065
7.364
4.818
4.834
6.377
5.065
3.962
6.307
2.509
2.915
3.036
2.852
2.433
4.766
2.750
2.433
4.238
4.294
3.421
2.428
5.969
3.026
5.969
6.178
2.913
6.646
2.923
3.491
2.428
2.691
2.913
2.821
3.535
4.002
3.331
5.907
5.877
3.355
2.771
2.434
4.714
3.206
2.821
2.464
2.960
2.586
3.642
3.331
15.292
5.571
2.543
11.035
2.563
2.117
3.911
3.535
22.021
5.565
9.083
4.400
3.064
7.453
2.845
3.292
5.969
4.714
15.292
4.675
3.235
3.857
2.141
4.480
6.646
22.021
5.571
2.923
5.565
2.220
3.491
9.083
3.278
3.970
4.400
2.543
2.771
3.064
3.036
2.395
3.026
3.206
11.035
4.675
7.453
