0.48630
0.71653
0.40056
0.75381
0.36788
0.09697
0.30119
0.97102
0.04581
0.21157
0.20084
0.14426
0.77880
0.71653
0.17377
0.33847
0.56300
0.69514
0.71653
0.34465
0.71653
0.12451
0.40056
0.55804
0.55804
0.71653
0.09426
0.20529
0.73319
0.97333
0.34415
0.47237
0.70374
0.84305
0.48630
0.24205
0.86162
0.71653
0.82329
0.40657
0.09426
0.07116
0.77880
0.85292
1.00000
0.18622
0.73910
0.36788
0.77880
0.19378
0.35255
0.74419
0.20455
0.71653
0.55804
0.17377
0.13825
0.36788
0.45510
0.34465
0.89753
0.51707
0.77880
0.20455
0.06169
0.68225
0.30267
0.61362
0.93409
0.62463
0.91310
0.41855
0.04867
0.92944
0.15748
0.66614
0.15189
0.10540
0.47237
0.66747
0.33847
0.64284
0.61362
0.10138
0.56300
0.77880
0.91672
0.43888
0.74802
0.14086
0.44738
0.96610
0.17586
0.90705
0.55804
0.35255
0.73380
0.06081
0.77880
0.26173
0.97333
0.69514
0.92004
0.19584
0.38724
0.14864
0.65559
0.85292
nan
0.36788
0.76130
0.17377
0.33847
0.52144
nan
nan
nan
nan
0.51342
0.07129
1.00000
0.71653
0.58178
0.55804
0.46767
0.47237
0.97701
0.36788
0.59839
0.20340
0.66163
0.68225
0.52921
0.73760
0.14822
0.55804
0.18622
0.77880
0.15926
0.77880
0.71653
0.47237
0.71653
0.71653
0.36788
0.92004
0.22313
0.68321
0.93816
0.66747
0.92004
0.77880
0.36788
0.75836
0.71653
0.33847
0.35832
0.89484
0.54178
0.04979
0.75836
0.10866
0.71653
0.33847
0.21788
0.12697
0.77880
0.38627
0.33847
0.92004
0.55804
0.10540
0.40056
0.92004
0.02886
0.29737
0.23188
0.71653
0.35255
0.52729
0.71653
0.26360
0.55804
0.91310
0.71653
0.42297
0.04382
0.47237
0.61787
0.36788
0.05311
0.40130
0.33202
0.01474
0.97531
0.77880
0.53371
0.20928
0.75148
0.20276
0.77880
0.17377
0.63873
0.66163
0.24980
0.22313
0.20015
0.52921
0.47237
0.55804
0.33847
0.40056
0.77880
0.77880
0.12451
0.20529
0.97590
0.20190
0.01312
0.55804
0.09697
0.93941
0.55804
0.39512
0.36788
