0.06081
0.12246
0.71653
0.97102
0.52675
0.52675
0.18703
0.90009
0.38724
0.97468
0.88901
0.17943
0.67032
0.49659
0.49139
0.49659
0.12246
0.12246
0.12246
0.83570
0.90484
0.49659
0.37769
0.14957
0.04505
0.27253
0.57543
0.20190
0.10923
0.08716
0.45164
0.27919
0.54178
0.07939
0.03438
0.54881
0.27253
0.74082
0.64118
0.07939
0.71653
0.49659
0.90484
0.83176
0.67032
0.64118
0.88901
0.27253
0.74082
0.64118
0.49139
0.54881
0.83570
0.33202
0.67032
0.67032
0.74082
0.90484
0.90484
0.58365
0.36788
0.49659
0.67032
0.36788
0.95745
0.16352
0.69514
0.50793
0.23665
0.31281
0.36788
0.92596
0.54881
0.53921
0.26058
0.40130
0.58665
0.74082
0.28467
1.00000
0.67032
0.54881
0.14957
0.64893
0.36788
0.91786
0.27253
0.82763
0.18009
0.44123
0.17777
1.00000
0.30119
0.76743
0.97183
0.20084
0.64834
0.83822
0.49659
0.12246
0.45943
0.33202
0.52675
0.49659
0.14086
0.59452
0.67032
0.71653
0.36788
nan
0.30119
0.48567
0.12246
0.11683
nan
nan
nan
nan
0.06034
0.17669
0.95919
0.91310
0.58178
0.27327
0.66114
0.90484
0.16901
0.35752
0.23188
0.47237
0.14957
0.72747
0.00998
0.03243
0.81873
0.67032
0.67032
0.05807
0.56228
0.90484
0.14957
0.49659
0.74082
0.49659
0.49659
0.20190
1.00000
0.60653
0.02732
0.68975
0.90484
0.90484
0.36788
0.18703
0.74082
0.03660
0.56690
0.96826
0.75578
0.77880
0.49659
0.13534
0.74082
0.45164
0.40657
0.79392
0.83570
0.83570
0.12246
0.14957
0.68975
0.37769
0.38724
0.49659
0.06081
0.79392
0.49659
0.74082
0.23188
0.14163
0.67032
0.90484
0.49659
0.46880
0.74082
0.27253
0.27253
0.65747
0.86071
0.84648
0.10540
0.82657
0.78554
0.04184
0.56472
0.40657
0.47862
0.90009
0.83176
0.14957
0.67032
0.67032
0.96364
0.32252
0.54881
0.81873
0.22979
0.33202
0.28276
0.12422
0.30119
0.24660
0.12246
0.47862
0.49659
0.27253
0.61787
0.80712
0.30119
0.74082
0.74082
0.95745
0.20190
nan
0.24437
