5.60000
4.20000
0.66667
0.05882
1.28205
1.28205
3.35294
0.21053
1.89744
0.05128
0.23529
3.43590
0.80000
1.40000
1.42105
1.40000
4.20000
4.20000
4.20000
0.35897
0.20000
1.40000
1.94737
3.80000
6.20000
2.60000
1.10526
3.20000
4.42857
4.88000
1.58974
2.55172
1.22581
5.06667
6.74074
1.20000
2.60000
0.60000
0.88889
5.06667
0.66667
1.40000
0.20000
0.36842
0.80000
0.88889
0.23529
2.60000
0.60000
0.88889
1.42105
1.20000
0.35897
2.20513
0.80000
0.80000
0.60000
0.20000
0.20000
1.07692
2.00000
1.40000
0.80000
2.00000
0.08696
3.62162
0.72727
1.35484
2.88235
2.32432
2.00000
0.15385
1.20000
1.23529
2.68966
1.82609
1.06667
0.60000
2.51282
0.00000
0.80000
1.20000
3.80000
0.86486
2.00000
0.17143
2.60000
0.37838
3.42857
1.63636
3.45455
0.00000
2.40000
0.52941
0.05714
3.21053
0.86667
0.35294
1.40000
4.20000
1.55556
2.20513
1.28205
1.40000
3.92000
1.04000
0.80000
0.66667
2.00000
nan
2.40000
1.44444
4.20000
4.29412
nan
nan
nan
nan
5.61538
3.46667
0.08333
0.18182
1.08333
2.59459
0.82759
0.20000
3.55556
2.05714
2.92308
1.50000
3.80000
0.63636
9.21429
6.85714
0.40000
0.80000
0.80000
5.69231
1.15152
0.20000
3.80000
1.40000
0.60000
1.40000
1.40000
3.20000
0.00000
1.00000
7.20000
0.74286
0.20000
0.20000
2.00000
3.35294
0.60000
6.61538
1.13514
0.06452
0.56000
0.50000
1.40000
4.00000
0.60000
1.58974
1.80000
0.46154
0.35897
0.35897
4.20000
3.80000
0.74286
1.94737
1.89744
1.40000
5.60000
0.46154
1.40000
0.60000
2.92308
3.90909
0.80000
0.20000
1.40000
1.51515
0.60000
2.60000
2.60000
0.83871
0.30000
0.33333
4.50000
0.38095
0.48276
6.34783
1.14286
1.80000
1.47368
0.21053
0.36842
3.80000
0.80000
0.80000
0.07407
2.26316
1.20000
0.40000
2.94118
2.20513
2.52632
4.17143
2.40000
2.80000
4.20000
1.47368
1.40000
2.60000
0.96296
0.42857
2.40000
0.60000
0.60000
0.08696
3.20000
nan
2.81818
