1.44186
0.66667
1.82979
0.56522
2.00000
4.66667
2.40000
0.05882
6.16667
3.10638
3.21053
3.87234
0.50000
0.66667
3.50000
2.16667
1.14894
0.72727
0.66667
2.13043
0.66667
4.16667
1.82979
1.16667
1.16667
0.66667
4.72340
3.16667
0.62069
0.05405
2.13333
1.50000
0.70270
0.34146
1.44186
2.83721
0.29787
0.66667
0.38889
1.80000
4.72340
5.28571
0.50000
0.31818
0.00000
3.36170
0.60465
2.00000
0.50000
3.28205
2.08511
0.59091
3.17391
0.66667
1.16667
3.50000
3.95745
2.00000
1.57447
2.13043
0.21622
1.31915
0.50000
3.17391
5.57143
0.76471
2.39024
0.97674
0.13636
0.94118
0.18182
1.74194
6.04545
0.14634
3.69697
0.81250
3.76923
4.50000
1.50000
0.80851
2.16667
0.88372
0.97674
4.57778
1.14894
0.50000
0.17391
1.64706
0.58065
3.92000
1.60870
0.06897
3.47619
0.19512
1.16667
2.08511
0.61905
5.60000
0.50000
2.68085
0.05405
0.72727
0.16667
3.26087
1.89744
3.81250
0.84444
0.31818
nan
2.00000
0.54545
3.50000
2.16667
1.30233
nan
nan
nan
nan
1.33333
5.28205
0.00000
0.66667
1.08333
1.16667
1.52000
1.50000
0.04651
2.00000
1.02703
3.18519
0.82609
0.76471
1.27273
0.60870
3.81818
1.16667
3.36170
0.50000
3.67442
0.50000
0.66667
1.50000
0.66667
0.66667
2.00000
0.16667
3.00000
0.76190
0.12766
0.80851
0.16667
0.50000
2.00000
0.55319
0.66667
2.16667
2.05263
0.22222
1.22581
6.00000
0.55319
4.43902
0.66667
2.16667
3.04762
4.12766
0.50000
1.90244
2.16667
0.16667
1.16667
4.50000
1.82979
0.16667
7.09091
2.42553
2.92308
0.66667
2.08511
1.28000
0.66667
2.66667
1.16667
0.18182
0.66667
1.72093
6.25532
1.50000
0.96296
2.00000
5.87097
1.82609
2.20513
8.43478
0.05000
0.50000
1.25581
3.12821
0.57143
3.19149
0.50000
3.50000
0.89655
0.82609
2.77419
3.00000
3.21739
1.27273
1.50000
1.16667
2.16667
1.82979
0.50000
0.50000
4.16667
3.16667
0.04878
3.20000
8.66667
1.16667
4.66667
0.12500
1.16667
1.85714
2.00000
