0.18764
-0.26028
0.14355
0.32399
0.23798
0.02583
-0.09136
-0.37205
0.09425
1.26305
-0.52746
6.65587
-0.17937
0.50108
-0.04002
-0.06357
0.21194
-0.34790
1.12248
0.57379
1.18020
-0.26500
0.52682
-0.31831
0.47956
0.57808
0.27404
0.28453
3.19405
2.22875
4.00409
-0.35595
-0.33679
0.29438
-0.72694
-0.50342
1.06027
0.87224
0.42001
0.28095
-0.48894
-0.54380
0.24874
-0.05527
-0.22345
0.51171
0.56565
-0.17304
-0.18804
0.46007
-0.41728
-0.06997
-0.08496
-0.03027
1.46665
0.66749
0.31533
0.17793
-0.47668
-0.18540
0.04766
2.09833
0.87015
-0.68744
-0.32756
-0.01273
0.10075
5.19997
25.49259
-0.32115
0.13007
-0.31969
0.44526
0.45889
-0.08379
1.95451
-0.08332
-1.10807
-0.30195
-0.23910
-0.12856
0.02616
-0.16820
-0.15417
14.69677
-0.30387
-0.37781
12.92581
14.44107
-0.16545
0.74236
1.28554
0.13018
0.75582
0.37734
-0.68162
0.84861
-0.54145
-0.22603
0.01123
-0.42030
0.45488
0.31859
0.40633
-0.09603
-0.27154
1.65200
-0.11577
2.87202
-0.31735
-0.41720
-0.33670
-0.16229
0.29423
nan
nan
nan
nan
-0.25556
0.30167
0.31049
-0.42941
-0.59698
0.57472
0.90071
0.92154
0.77027
0.37964
-0.34800
0.41758
-0.17405
0.01060
0.19844
0.80290
-0.31355
1.01706
-0.18452
0.63748
0.68216
-0.44174
1.03532
0.98504
-0.24066
-0.60118
-0.54582
-0.20715
0.01587
2.60112
-0.05671
-0.54415
0.60537
6.57347
-0.58931
0.37544
-0.23526
-0.31654
-0.53697
0.53049
-0.28302
-0.36249
0.75462
0.41618
-0.17727
0.55953
-0.07232
-0.17235
-0.55692
-0.44818
-0.27310
0.34285
-0.08916
1.85255
0.40093
-0.44964
1.14517
0.17576
0.28486
-0.33495
0.62259
2.25344
0.62934
-0.18666
-0.07724
-0.49287
-0.66759
3.19024
0.49938
0.78512
-0.33443
-0.42626
-0.39913
-0.06725
0.54979
-0.42095
-0.25329
-0.25303
0.10993
-0.26320
0.23887
0.23968
-0.91248
-0.36127
0.22236
-0.00984
0.06762
0.30206
-0.11349
-0.53349
0.19203
0.16523
-0.12829
2.44431
-0.01297
-0.21309
-0.36220
-0.03645
0.54140
-0.27086
-0.50160
-0.09019
-0.32623
nan
0.20589
0.09048
-0.30855
