-0.13500
0.91831
0.76384
0.91488
-0.77675
0.00870
-0.39057
0.94271
-0.22821
-0.18744
0.26399
0.25741
-0.16267
-0.14747
-0.36953
-0.03467
-0.27819
0.13998
2.33283
0.75125
0.95400
0.58123
2.55054
-0.40855
0.31352
-0.39104
4.28502
-0.67885
1.02908
-0.24033
0.19515
-0.36812
0.24019
0.34825
-0.48514
-0.43584
1.43484
-0.10845
-0.21377
-0.12268
0.09195
0.00419
1.92646
-0.51608
-0.14051
-0.17583
-0.04573
1.35099
0.63199
-0.21930
0.12894
1.30263
-0.21140
0.08911
0.35012
-0.23593
0.87452
-0.27490
-0.38025
0.44596
0.91745
0.52650
0.35846
0.26291
-0.36478
-0.37124
-0.35386
0.85992
1.19418
-0.88785
1.62248
0.27492
-0.07265
-0.38699
1.97059
-0.12405
-0.37884
-0.12161
0.46622
0.45524
0.95446
-0.46801
-0.91848
0.34660
0.20827
0.00583
0.40134
0.01502
-0.33009
9.25845
7.90083
0.23152
-0.11513
0.05537
-0.18724
1.31003
-0.39796
1.47003
-0.17950
0.29803
-0.42164
0.86572
-0.13670
0.33144
-0.11133
-0.05298
-0.36162
0.55170
0.02137
-0.33935
-0.01480
-0.22195
0.31253
0.02967
nan
nan
nan
nan
0.12875
-0.22995
1.11485
0.81860
-0.16835
-0.28738
3.69742
0.85976
0.96949
0.60878
0.29611
1.29163
-0.05341
0.85504
3.47700
0.07600
-0.56410
-0.24801
-0.24992
1.56927
-0.01070
-0.23561
-0.09811
-0.02732
-0.29797
-0.15293
0.40156
0.15122
-0.50717
0.63396
0.25420
-0.00075
-0.27053
1.00498
-0.03863
0.07398
-0.10064
-0.81840
-0.22477
-0.46406
0.30429
-0.18670
-0.48844
-0.70923
0.66453
0.52390
-0.03899
-0.35591
-0.41023
0.06037
-0.20207
0.03390
-0.02226
0.73418
0.27450
-0.09580
-0.43579
0.15318
0.77469
-0.07142
-0.66818
2.31918
0.05398
-0.08716
0.88293
-0.09361
-0.59409
3.94859
-0.56648
0.13791
0.00051
-0.02056
-0.34273
-0.52251
0.16802
-0.32847
-0.23514
0.49514
1.79455
-0.11804
0.86430
-0.23321
-0.00938
-0.09200
1.21744
0.53870
-0.00244
0.35626
1.43477
-0.42666
-0.26425
-0.10045
-0.44785
0.22463
-0.22921
0.04865
-0.01426
-0.00796
2.05944
-0.32030
0.01171
-0.13327
-0.23805
-0.00076
0.30118
nan
-0.03478
