0.54169
1.10772
0.41063
-0.03101
-0.25851
-0.06640
-0.44000
-0.21554
-0.53576
-0.03620
-0.20071
1.15006
-0.40756
0.11120
-0.32104
0.36826
-0.18342
-0.22166
0.91241
1.83758
-0.41670
-0.05564
0.40784
1.71435
0.21496
-0.30625
0.84160
0.66549
-0.37619
1.62485
-0.29391
-0.05574
-0.66460
1.56553
0.80930
0.33594
0.68367
1.80213
0.27856
-0.29729
-0.13109
-0.35785
0.21645
0.16674
-0.41558
0.52899
1.44347
-0.11133
1.56331
0.13207
-0.20468
-0.61551
0.50104
0.66621
0.16621
0.15010
0.13436
0.60974
0.17274
0.07070
0.23671
-0.25187
0.03745
1.09284
-0.31623
1.02942
0.11443
0.27906
0.94579
-1.42673
-0.22801
-0.31334
-0.47556
-0.46722
-0.33526
-0.13493
-0.31096
-0.31566
0.51335
0.85849
0.20103
-0.14328
-0.30243
-0.19160
0.05722
0.85216
-0.50677
0.60316
0.23390
0.23570
2.66056
0.04616
-0.40879
1.32563
0.69506
0.24166
-0.17211
0.23541
-0.21338
-0.37938
1.55301
0.97025
0.13836
0.50088
-0.33137
-0.11381
0.07985
-0.26481
-0.31623
0.88845
-0.10907
2.05279
0.74839
0.18219
nan
nan
nan
nan
-0.51227
1.66952
inf
0.16047
-0.33845
0.66859
-0.07667
1.31194
1.41426
0.04686
0.41692
-0.00166
0.00959
2.80911
3.47853
-0.15659
0.07292
0.43256
0.46419
-0.02967
0.18005
-0.53398
0.04290
0.54777
0.23501
1.06803
0.01690
0.39899
-0.22997
1.09536
0.17768
-0.05888
0.15980
0.47324
0.08452
0.02597
-0.11496
-0.96734
1.24500
0.06470
3.25965
0.65038
-0.27875
0.65320
0.54945
0.05577
0.31038
0.26466
-0.41820
-0.46488
-0.23649
0.14057
0.34651
0.16660
-0.17307
-0.02470
2.90791
-0.47752
0.88141
-0.21821
0.12628
0.08539
-0.16810
0.36211
0.64246
-0.48670
-0.70264
0.45081
0.02219
-0.21724
-0.15410
0.25600
-0.34497
4.16869
0.70680
-0.05922
100.91619
-0.25540
-0.43522
-0.16356
-0.34077
0.57567
-0.33464
0.09630
-0.13340
0.06720
0.48653
-0.03582
-0.07885
-0.62227
-0.56786
0.42295
0.00591
0.81902
0.09794
-0.21992
-0.04348
0.39093
-0.17817
1.26520
-0.78043
-0.15891
-0.62628
-0.57406
1.27819
0.07228
-0.57687
